function[yeo17, networks] = config_my34_path()

yeo17.s{1} = [1 23 10 31 5 24 4 8 21 17];
yeo17.s{2} = [25 14 18 32 ]; 
yeo17.s{3} = [11 22 15 7 ];
yeo17.s{4} = [9 13 20 34 29 19 3 33];
yeo17.s{5} = [28 16 6 26 2];
yeo17.s{6} = [12 30 27];

networks = [1:18];
