function[yeo17, network] = config_yeo17_path()

yeo17.s{1} = [10 14 11];
yeo17.s{2} = [6 3 16]; 
yeo17.s{3} = [4 15];
yeo17.s{4} = [7];
yeo17.s{5} = [8];
yeo17.s{6} = [2];
networks = [ 2 3 4 6 7 8 10 11 14 15 16];
