function[yeo17, networks] = config_my18_path()

yeo17.s{1} = [16 15 12 14];
yeo17.s{2} = [1 11 7]; 
yeo17.s{3} = [5 18 4];
yeo17.s{4} = [6 2 10 9];
yeo17.s{5} = [8 17 3];
yeo17.s{6} = [13];

networks = [1:18];
